Name,Website
Airbnb,http://airbnb.com
Instacart,https://www.instacart.com
DoorDash,http://doordash.com
Coinbase,https://www.coinbase.com
Dropbox,http://dropbox.com
GitLab,http://gitlab.com/
Ginkgo Bioworks,http://ginkgobioworks.com
PagerDuty,http://pagerduty.com
Amplitude,https://amplitude.com
Matterport,http://matterport.com
Weave,http://getweave.com
Notable Labs,http://notablelabs.com
Presto,http://presto.com
Rigetti Computing,http://rigetti.com
Pardes Biosciences,http://www.pardesbio.com
Embark Trucks,http://embarktrucks.com
Momentus,https://momentus.space
Lucira Health,https://www.lucirahealth.com/
Stripe,http://stripe.com
Cruise,http://getcruise.com
OpenSea,https://opensea.io
Faire,https://www.faire.com/
Brex,https://www.brex.com
Deel,https://www.deel.com/
Rippling,http://rippling.com/
Reddit,http://reddit.com
Gusto,https://gusto.com
Flexport,https://www.flexport.com/careers/jobs/
Razorpay,https://razorpay.com
Scale AI,http://scale.com
Benchling,http://benchling.com
Fivetran,http://fivetran.com
Rappi,http://www.rappi.com
Checkr,http://www.checkr.com
Zapier,http://zapier.com
Meesho,http://www.meesho.com
Monzo Bank,http://www.monzo.com
Relativity Space,http://relativityspace.com
Webflow,https://webflow.com
MessageBird,http://messagebird.com
Whatnot,https://www.whatnot.com
Flock Safety,http://www.flocksafety.com
Convoy,https://convoy.com/
EquipmentShare,https://www.equipmentshare.com
GOAT Group,https://www.goatgroup.com/
Retool,https://retool.com
GrubMarket,http://grubmarket.com
Segment,http://segment.com
Ironclad,http://ironcladapp.com
Flutterwave,https://flutterwave.com
Podium,https://podium.com
Xendit,https://www.xendit.co/
Groww,https://groww.in
Outschool,http://outschool.com
Lattice,https://lattice.com
Helion Energy,http://helionenergy.com
GoCardless,http://gocardless.com
Algolia,http://www.algolia.com
Docker,http://docker.com
Newfront,https://www.newfront.com/
Solugen,https://solugen.com/
Go1,https://go1.com
Jeeves,http://www.tryjeeves.com
Modern Treasury,http://www.moderntreasury.com/
Vetcove,https://www.vetcove.com
ShipBob,http://shipbob.com
Opentrons,http://opentrons.com
Sift,https://sift.com/
Wave,https://wave.com
Front,https://front.com
Vanta,https://vanta.com
Truepill,https://truepill.com/
Pave,https://pave.com
Prometheus,http://www.prometheusfuels.com
Mux,http://mux.com
Jasper.ai,https://jasper.ai
Athelas,http://athelas.com
Snapdocs,http://snapdocs.com
EasyPost,http://easypost.com
Apollo,http://apollographql.com/
Mashgin,http://mashgin.com
NimbleRx,http://nimblerx.com
Veriff,https://veriff.com/
Zip,https://ziphq.com/
Airbyte,https://airbyte.com/
Papa,https://www.papa.com
Salt Security,https://salt.security/
Astranis,http://www.astranis.com
CoinTracker,https://www.cointracker.io/
Clipboard Health,https://culture.clipboardhealth.com/
Truebill,https://www.truebill.com
CaptivateIQ,https://www.captivateiq.com
ClassDojo,http://www.classdojo.com
Gem,https://www.gem.com/
Modern Health,https://www.modernhealth.com/
Teleport,https://goteleport.com
Boom,https://boomsupersonic.com/
Nowports,https://nowports.com/
Titan,http://www.titan.com
SmartAsset,http://smartasset.com
People.ai,https://people.ai
Sendbird,https://sendbird.com
Mixpanel,http://mixpanel.com
Vendr.com,http://www.vendr.com
Quantstamp,https://quantstamp.com
Bellabeat,http://bellabeat.com
BillionToOne,https://www.billiontoone.com
Function of Beauty,http://www.functionofbeauty.com
Human Interest,http://humaninterest.com
Ajaib,https://www.ajaib.co.id/
Standard AI,https://standard.ai
Twitch,http://twitch.com
Heap,https://heap.io/
Frubana Inc,https://www.frubana.com
Apollo.io,https://www.apollo.io/
PlanGrid,http://plangrid.com
Zepto,https://www.zeptonow.com/
Fountain,http://fountain.com
Replit,https://replit.com
QuickNode,https://www.quicknode.com
AtoB,https://atob.com/
Observe.AI,https://observe.ai
Middesk,http://www.middesk.com
Squire Technologies,http://getsquire.com/
H1,https://www.h1.co/
Kalshi,https://www.kalshi.com
Tempo,https://tempo.fit/
Gather,https://www.gather.town/
Supabase,https://supabase.com
Panorama Education,https://www.panoramaed.com/
Rescale,https://rescale.com
TRM Labs,https://trmlabs.com/
Goldbelly,https://www.goldbelly.com/
Shipper,https://shipper.id
99minutos,https://99minutos.com
Substack,https://substack.com
Postscript,https://postscript.io
Odeko,http://www.odeko.com
Guesty,http://www.guesty.com
Khatabook,https://khatabook.com/
Mutiny,https://www.mutinyhq.com
CareRev,https://www.carerev.com
Yassir,https://yassir.com
Shogun,https://getshogun.com/
Instawork,http://instawork.com
FAZZ,https://fazzfinancial.com/
Vouch,http://vouch.us
The Athletic,https://theathletic.com
Jerry,https://getjerry.com
Codecademy,http://codecademy.com
Promise,http://promise-pay.com
Gecko Robotics,https://www.geckorobotics.com
Lever,https://www.lever.co/
Alpaca,https://alpaca.markets/
SingleStore,https://www.singlestore.com
InfluxData,https://influxdata.com
Shef,https://www.shef.com
Spenmo,https://spenmo.com/
Clear,https://clear.in/
Moxion Power Co.,https://www.moxionpower.com/
May Mobility,http://maymobility.com
Bitrise,https://bitrise.io
Fly.io,https://fly.io
Let's Do This,https://www.letsdothis.com/
Hightouch,https://hightouch.com/
Sendwave,https://www.sendwave.com
Ridecell,https://www.ridecell.com
Superside,http://www.superside.com
Clever,https://clever.com
Memora Health,https://memorahealth.com
Scribd,http://scribd.com
Atomwise,http://atomwise.com
PicnicHealth,https://picnichealth.com
OpenPhone,https://www.openphone.com
FightCamp,http://joinfightcamp.com
Aspire,https://aspireapp.com
Hiro Systems,https://hiro.so
Snackpass,https://snackpass.co
Kovi,https://www.kovi.com.br
Nobell Foods,http://www.nobellfoods.com
Lob,http://lob.com
Career Karma,https://careerkarma.com/
Instabug,https://instabug.com
VergeSense,http://www.vergesense.com
Permutive,https://permutive.com
Eight Sleep,http://eightsleep.com
Mezmo,https://www.mezmo.com/
Lively, Inc.,https://livelyme.com
Pachama,http://pachama.com
Routable,https://routable.com
HackerRank,http://hackerrank.com
SRTX,https://www.srtxlabs.com/
Balance,https://www.getbalance.com
Ledger Investing,https://ledgerinvesting.com/
Caper,https://www.caper.ai/
Mighty Buildings,https://www.mightybuildings.com
Joy,http://withjoy.com
Delphia,http://delphia.com
Treasury Prime,https://treasuryprime.com
Duffel,https://duffel.com/
Fivestars,http://fivestars.com
Deepgram,https://www.deepgram.com
Ottimate,https://ottimate.com/
Torch,https://torch.io/
Mattermost,http://mattermost.com
Drip Capital,http://dripcapital.com
Inevitable Tech,https://inevitabletech.com/
RevenueCat,https://www.revenuecat.com/
Machine Zone,https://www.mz.com
Super,http://superapp.id/
Platzi,https://platzi.com
Nova Credit,http://www.novacredit.com/
Proxy,https://proxy.com
Karat Financial,http://trykarat.com
Dover,https://dover.com
Burrow,http://www.burrow.com
Asher Bio,https://www.asherbio.com/
Ribbon Health,http://www.ribbonhealth.com
OkCredit,https://www.okcredit.in
UpKeep,https://www.upkeep.com/
Optimizely,http://optimizely.com
Fondeadora,https://fondeadora.com/
Ophelia,https://ophelia.com
WePay,http://wepay.com
TrueNorth,http://www.truenorthfleet.com
Atlas,https://atlascard.com/
Culture Biosciences,https://culturebiosciences.com
Pelago,https://www.pelagohealth.com
Tovala,http://www.tovala.com
Weebly,http://weebly.com
Sqreen,https://www.sqreen.com/
NURX,https://www.nurx.com/
CoreOS,http://coreos.com
Bloom Institute of Technology,https://www.bloomtech.com
Nuvocargo,http://www.nuvocargo.com
OneSignal,https://onesignal.com
Convictional,https://convictional.com
STARK BANK,https://starkbank.com
Breadfast,https://www.breadfast.com
Bear Flag Robotics,http://bearflagrobotics.com/
Heroku,http://heroku.com
Spruce Systems,https://www.spruceid.com
Pulley,https://pulley.com
Cambly,http://www.cambly.com
Verge Genomics,http://vergegenomics.com
Qventus,http://qventus.com
Reliance Health,https://www.getreliancehealth.com
Endpoint Health,https://endpointhealth.com/
Skill-lync,http://skill-lync.com
Convex,https://www.convex.com
Avo,https://www.avonow.com/
HelloSign,https://www.hellosign.com
Embrace,https://embrace.io
Armory,http://armory.io
LAIKA,https://laika.com.co/
Nash,https://www.usenash.com/
Daily,https://daily.co
Moonvalley,https://moonvalley.ai
Submittable,https://www.submittable.com/
WorkRamp,https://www.workramp.com
Curebase,http://www.curebase.com
Ambient.ai,https://ambient.ai
Redcliffe Lifetech,http://redcliffelabs.com
Yummy,https://www.yummysuperapp.com/
GiveCampus,http://go.givecampus.com
BukuWarung,http://bukuwarung.com/app
Unbabel,http://unbabel.com
Netomi,https://netomi.com
Dagger,https://dagger.io
Gordian Software,https://www.gordiansoftware.com/
Axoni,https://axoni.com
Compound,https://withcompound.com/
Ansa Biotechnologies,http://ansabio.com
Cashfree Payments,https://www.cashfree.com/
Bitmovin,http://bitmovin.com
Long Term Stock Exchange,http://ltse.com
Fintual,https://fintual.com
Cognito,https://cognitohq.com
Modern Fertility,https://www.modernfertility.com
OpenInvest,http://www.openinvest.com
AssemblyAI,https://www.assemblyai.com
TigerEye,http://tigereye.com/
SafetyWing,http://www.safetywing.com
Apto Payments,https://www.aptopayments.com/
Ramen VR,https://ramenvr.com/
Rutter,https://rutterapi.com
Osmind,https://osmind.org/
Eclipse Foods,http://www.eclipsefoods.com
Gilgamesh Pharmaceuticals,https://www.gilgameshpharmaceutical.com
Houm,https://houm.com
Paystack,https://www.paystack.com
64x Bio,http://www.64xbio.com
Slash,https://www.joinslash.com/
Validere,http://validere.com
Zeitview,https://www.zeitview.com/
DrChrono,https://www.drchrono.com
Stoke Space,https://www.stokespace.com/
Culdesac,http://culdesac.com
Localyze,https://www.localyze.com
Treinta,https://www.treinta.co
MarqVision,https://www.marqvision.com/
Omgpop,http://omgpop.com
Remora,https://www.remoracarbon.com
Ashby,https://www.ashbyhq.com
54Gene,http://www.54gene.com
Kobo360,http://www.kobo360.com
Curri,http://www.curri.com
Soomgo,https://soomgo.com
North,https://www.bynorth.com
Shelf Engine,http://www.shelfengine.com
Doppler,https://doppler.com
Wefunder,http://wefunder.com
GitPrime,https://www.gitprime.com
ZeroDown,https://zerodown.com/
Snappr,https://www.snappr.com
Meru Health,http://www.meruhealth.com
Pine Park Health,http://pineparkhealth.com
REGENT,http://regentcraft.com
Science Exchange,https://www.scienceexchange.com/
Nomba,https://nomba.com
Belvo,https://belvo.com
BeGo,http://www.bego.ai
Ontop,https://www.getontop.com/
Obie,http://www.ObieInsurance.com
Moonshot Brands,http://moonshotbrands.com
Zerocater,http://zerocater.com
Nabis,https://www.nabis.com/
PayMongo,https://paymongo.com
Volley,https://volleythat.com
Roboflow,https://roboflow.com
treble.ai,https://treble.ai
PostHog,https://www.posthog.com
FutureAdvisor,http://futureadvisor.com
Legacy,https://www.givelegacy.com
Rainbow,https://rainbow.me
clicOH,http://clicoh.com/
Reach Labs,https://reachlabs.co/
Depict,https://depict.ai/
FamPay,https://fampay.in
Recurrency,http://www.recurrency.com
Karbon Card,https://www.karboncard.com/
Focal Systems,http://www.focal.systems
Mio,http://m.io
Petcube,http://petcube.com
Mason,http://www.bymason.com
MagicBus,http://www.magicbus.io
iSono Health,http://www.isonohealth.com
GetAccept,https://www.getaccept.com
Chatfuel,http://chatfuel.com
Yardbook,https://www.yardbook.com
Stealth Worker,https://www.stealthworker.com
SOUNDBOKS,http://soundboks.com
Flirtey (SkyDrop),https://www.flirtey.com/
Cofactor Genomics,http://cofactorgenomics.com
Click & Grow,https://www.clickandgrow.com/
TetraScience,https://www.tetrascience.com
The Ticket Fairy,https://www.ticketfairy.com/
HER,http://weareher.com
Font Awesome,http://fontawesome.com
80,000 Hours,http://80000hours.org
Shred Video,https://shredvideo.com
Shape (ShapeScale),https://shapescale.com
Scentbird,https://www.scentbird.com
RedCarpetUp,http://redcarpetup.com
PickTrace,http://picktrace.com/company
MicroHealth,http://microhealth.com
Zeplin,https://zeplin.io
Markhor,http://markhor.com
Circle Medical,https://circlemedical.com
Chaldal,http://chaldal.com
Clerky,https://www.clerky.com
Bodyport,http://bodyport.com
Thrive Agritech,http://www.thriveagritech.com
Tesorio,https://www.tesorio.com
AgileMD,https://agilemd.com
SunFarmer,http://sunfarmer.org
Confident LIMS,https://confidentlims.com
Branch8,http://branch8.com
Heroic Labs,http://heroiclabs.com
SnapMagic,https://www.snapmagic.com
Scope AR,http://scopear.com
PartnerStack,https://partnerstack.com
Assembly,https://assembly.com/
Gemnote,http://gemnote.com
New Story,http://newstoryhomes.org
InnerSpace,http://helloinnerspace.org
teaBOT,http://teaBOT.com
Lugg,http://lugg.com
Spire Health,https://spirehealth.com/
Quartzy,https://www.quartzy.com
Replika,https://replika.ai/
Tara AI,http://www.tara.ai
Flip,http://justflip.com
X-Zell,http://www.x-zell.com
Transcriptic,http://transcriptic.com
Zenflow,http://zenflow.com
Tab,https://www.tab.travel
Priime,https://priime.com
Pigeonly,http://pigeonly.com
Dabble,https://dabble.so
Streak,http://streak.com
Meadow,https://getmeadow.com
Level Frames,http://levelframes.com
Industrial Microbes,http://imicrobes.com
Giveffect,http://giveffect.com
eBrandvalue,https://www.ebrandvalue.com/
Quantierra,http://quantierra.com
Cleanly,https://cleanly.com
Resolve,https://www.resolvebim.com
Mobydish,https://www.mobydish.com
Makrwatch,https://www.makrwatch.com
TeamNote,http://teamnoteapp.com
SIRUM,http://sirum.org
Sails Co.,https://sailsjs.com/about
ReadMe,http://readme.com
BuildScience,http://www.buildscience.com/
Labdoor,https://labdoor.com
GiveMeTap,http://givemetap.com
Bankjoy,http://bankjoy.com
The Human Utility,https://www.detroitwaterproject.org/
Democracy Earth,http://democracy.earth/
Bright,https://www.thinkbright.mx
Magic,https://getmagic.com/
Akido Labs,http://akidolabs.com
Bayes Impact,http://bayesimpact.org
Oklo,http://oklo.com
Roomstorm,http://roomstorm.com
Hive,http://www.hive.co
Tenjin,https://www.tenjin.com
SpotAngels,http://www.spotangels.com
UserGems,https://www.usergems.com
SFOX,http://sfox.com
Alchemy,http://www.alchemynano.com
MTailor,http://mtailor.com
MetricWire,http://metricwire.com
Protocol Labs,https://protocol.ai/
Greentoe,http://greentoe.com
Hyperpad,http://www.hyperpad.com
Flaviar,https://flaviar.com
Billforward,https://www.billforward.io/
Backpack,http://backpackbang.com
Aptible,https://www.aptible.com
Immunity Project,http://immunityproject.org
Dyspatch,https://www.dyspatch.io
OpenCurriculum,https://opencurriculum.org
MixerBox,http://mixerbox.com
Y Combinator,https://www.ycombinator.com
GBatteries,https://www.gbatteries.com
Zinc,http://zinc.com
Zidisha,https://www.zidisha.org
TrueVault,https://www.truevault.com
Medmonk,http://medmonk.com
Shoobs,http://shoobs.com
Pushbullet,https://www.pushbullet.com
Povio,http://povio.com
PiinPoint,https://piinpoint.com
Theorem,http://theoremlp.com
One Degree,http://1degree.org
MBX,http://us.memebox.com
Emailio,http://emailio.com
DevCycle,http://devcycle.com
CodeNow,http://codenow.org
CodeCombat,https://codecombat.com
Noora Health,http://noorahealth.org
AptDeco,https://www.aptdeco.com/
CareMessage,http://caremessage.org
Ambition,https://ambition.com
AirHelp,http://www.airhelp.com
42,https://42technologies.com
True Link,https://www.truelinkfinancial.com/
Reebee,http://reebee.com
One Month,http://onemonth.com
Cratejoy,http://cratejoy.com
Estimote, Inc.,http://estimote.com
Asseta,http://www.asseta.com
Per Vices,https://www.pervices.com
7cups,http://7cups.com
Watsi,https://watsi.org
Wevorce,http://wevorce.com
SimplyInsured,http://simplyinsured.com
CircuitHub,https://circuithub.com
Experiment,http://experiment.com
RADAR,https://goradar.com
Lollipuff,http://lollipuff.com
Strikingly,https://www.strikingly.com
Etleap,https://etleap.com
Cheetah,http://gocheetah.com
Lawdingo,http://lawdingo.com
Padlet,https://padlet.com
BuildZoom,https://www.buildzoom.com
Scuba,https://www.scuba.io
CircuitLab,https://www.circuitlab.com/
9gag,http://9gag.com
Svbtle,https://svbtle.com
Plivo,https://plivo.com
Double Robotics,https://doublerobotics.com
Vastrm,http://vastrm.com
Flightfox,http://flightfox.com
BackerKit,http://backerkit.com
NewsBlur,https://www.newsblur.com
OctaveWealth,https://octavewealth.com
Upwave,http://www.upwave.com
Eligible,https://eligible.com
FundersClub,https://fundersclub.com/
Zentail,https://zentail.com
HealthSherpa,https://healthsherpa.com
Human Dx,http://humandx.org
Mth Sense,http://www.mthsense.com/
Rainforest,https://www.rainforestqa.com
Screenleap,https://screenleap.com
Buxfer,https://www.buxfer.com
Virtualmin,http://virtualmin.com
Blue Frog Gaming,http://bluefroggaming.com
CleverDeck,http://cleverdeck.com
Shoptiques,http://shoptiques.com
Ninite,http://ninite.com
RescueTime,http://rescuetime.com
RetailReady,https://www.retailreadyai.com/
Million.js,https://million.dev
Crux,http://getcrux.ai/
SyncUp.ai,https://www.syncup.ai
InspectMind AI,https://www.inspectmind.ai
kater.ai,https://www.kater.ai
Quivr,https://www.quivr.app/
Dragoneye,https://dragoneye.ai/
Fume,https://fumedev.com
Forge,https://www.forgehq.com/
Konstructly,https://konstructly.com/
TrueClaim,https://www.trytrueclaim.com
Reform,https://www.reformhq.com
SiLogy,https://silogy.io
Senso,http://www.senso.ai
Eris Biotech,http://www.erisbio.com
Powder,https://www.powderfi.com/
Arcane,https://arcanelabs.ai/
Magic Hour,https://magichour.ai
Lumona,https://www.lumona.ai
Marblism,https://marblism.com
Miden,http://www.miden.co
Fluently,https://getfluently.app/
Basepilot,https://www.basepilot.com/
Onedoc,https://www.onedoclabs.com/
Vista Space,https://govista.space
Convey,https://getconvey.ai
Retell AI,https://re-tell.ai
Rove,http://rovecard.com
camelQA,https://camelqa.com/
Stackwise,https://stackwise.ai/stacks
Terrakotta,https://www.terrakotta.ai/
Stacksync,https://www.stacksync.cloud/
Shepherd,https://www.shepherd.study
Velorum Therapeutics,https://www.velorumtx.com/
Openmart,https://www.openmart.ai
Alai,https://getalai.com
PocketPod,https://pocketpod.app
Cleva,https://www.getcleva.com
Artos,https://www.artosai.com/
BetterBasket,http://betterbasket.ai
Circleback,https://circleback.ai
just words,https://justwords.ai
DianaHR,http://www.dianahr.ai
Lumina,https://lumina-chat.com
Manifold Freight,https://www.manifoldfreight.com/
Voicepanel,https://voicepanel.co
Abel,https://www.tryabel.com
Delve,https://www.getdelve.com
Hazel,https://hazeltech.ai/
Shiboleth,https://www.shiboleth.ai/
Elodin,https://elodin.systems/
Toma,https://www.toma.so/
Carma,https://www.joincarma.com/
Preloop,https://www.preloop.com
Superagent.sh,https://superagent.sh/
Bilanc,https://www.bilanc.co
SevnAI,http://sevn.ai
Recipe,https://www.getrecipe.ai/
CodeAnt AI,https://codeant.ai/
Draftaid,https://draftaid.io/
Ellipsis,https://ellipsis.dev
OpenCopilot,https://opencopilot.so
Salvy,https://www.salvy.com.br
Centralize,https://www.usecentralize.com/
phospho,https://phospho.ai
Infinity,https://www.infinityapp.in/
Markprompt,https://markprompt.com
Tamarind Bio,https://www.tamarind.bio
Creo,https://trycreo.com
Double,https://double.finance/
Speck,https://getspeck.ai
OmniAI,https://getomni.ai
PromptArmor,https://promptarmor.com/
Zaymo,https://zaymo.com
Celest,https://celest.dev
Attunement,http://attunement.ai
Lucite,https://www.lucite.ai/
OneGrep,https://www.onegrep.dev
Tusk,https://usetusk.ai
Blume Benefits,https://www.blumebenefits.com/
Yoneda Labs,https://www.yonedalabs.com
Hona,https://www.hona.ai
Topo.io,https://www.topo.io/
Greenboard,https://www.greenboard.io
Artisan AI,https://artisan.co/?utm_source=ycombinator
Octolane AI,https://www.octolane.com
BondCenter,https://www.bondcenter.com/
Roe AI,https://roe-ai.com
Paradigm,http://www.tryparadigm.ai/
PointOne,https://pointone.ai/
Starlight Charging,https://www.starlightcharging.com
Assembly,https://www.askassembly.app/
Basalt Tech,https://basalt.space/
DaLMatian,https://www.dalmatian.ai/
Aidy,https://www.aidygrants.com/
Buster,http://buster.so
Apriora,https://www.apriora.ai
Hemingway,https://hemingwayai.co
Adagy Robotics,https://www.adagyrobotics.com/
Momentic,https://momentic.ai
Reducto,https://reducto.ai
Vectorview,https://vectorview.ai
Tatara,https://tatara.ai/
Nuanced, Inc.,https://www.nuanced.dev/
Precip,https://precip.ai
Tracecat,https://tracecat.com
Sonia,https://soniahealth.com
MAIHEM,https://www.maihem.ai/
ion design,https://www.ion.design/
Duckie,https://duckie.ai/
Ubicloud,https://www.ubicloud.com
Onboard AI,https://www.getonboardai.com
Stitch Technologies,https://www.stitch.tech
Leya,https://www.leya.law/
RadMate AI,https://www.radmate.ai
OpenPipe,https://openpipe.ai/
DryMerge,https://www.drymerge.com
Upsolve AI,https://upsolve.ai/
AgentHub,https://www.agenthub.dev/
Driver AI,https://www.driverai.com/
Lantern,http://lantern.dev
Danswer,https://www.danswer.ai/
Flex,https://withflex.com/
Martin,https://www.trymartin.com/
Healthtech 1,https://www.healthtech1.uk/
Feanix Biotechnologies,https://www.feanixbio.com/
Orbio Earth,https://www.orbio.earth/
CodeStory,https://codestory.ai
CatX,https://catx.re
Coba,https://www.coba.ai
Taylor AI,https://trytaylor.ai
Tempo Labs,https://www.tempolabs.ai/
trendup,https://trendup.ai/
autotab,https://autotab.com
Flair Health,https://www.flairhealth.com
Olio Labs,https://oliolabs.co/
truemetrics,https://www.truemetrics.io/
Onward,https://onwardhq.com/
WalletKit,https://walletkit.com
Wattson Health,https://www.wattsonhealth.com
Constructable,https://www.constructable.ai/
Lingtual,https://lingtual.com
Nowadays,http://getnowadays.com/
Structured,https://www.structuredlabs.io/
Twine,http://www.usetwine.com
Axflow,https://axflow.dev
Simbie Health,http://www.simbiehealth.com
Foundation,https://buildwithfoundation.com/
AiSDR,https://aisdr.com/
Giga ML,https://gigaml.com/
Sero AI,https://getsero.ai
Affinity,https://itsaffinity.com
FlowiseAI,https://flowiseai.com
Shadeform,https://www.shadeform.ai/
ten.dev,https://ten.dev
Advent,https://www.adventstudios.gg
Cargo,https://getcargo.io
CheqUPI,https://www.cheq.money
Roame,https://roame.travel/
dili,https://dili.ai
Slingshot,https://www.sling-shot.ai/
Trayd,https://www.buildtrayd.com/
Line.Build,https://www.line.build/
Cair Health,https://cairhealth.com/
ParadeDB,https://paradedb.com
Eden Care,https://www.edencaremedical.com/
Quill AI,https://quillai.com
Strada,https://www.getstrada.com/
AgentsForce,https://www.agentsforce.com/
Smobi,https://smobi.com/
Tiptap,https://tiptap.dev/
RecipeUI,https://recipeui.com
Fiber AI,https://fiber.ai/
OpsBerry AI (formally Monitaur),https://opsberry.ai
Certainly Health,https://certainlyhealth.com
Cedalio,https://cedalio.com/
Happyrobot,https://happyrobot.ai
Pure,https://www.collectpure.com/
Nanograb,https://nanograb.com
Elythea,https://elythea.org/
Movley,https://movley.com/
Santé,https://santehq.com/
Langdock,https://langdock.com
Inventive AI,https://getinventive.ai/
devmark,https://www.devmark.ai/
Fragment,https://checkfragment.com
Raz,https://www.tryraz.com
sudocode,https://sudocode.ai/&referrer=ycombinator.com
Sweep,https://sweep.dev/
Silimate,https://www.silimate.com
Andromeda Surgical,http://www.andromedasurgical.com
ProdTrace,https://www.prodtrace.com/
Inari,https://useinari.com
Roundtable,https://roundtable.ai
Chatter,https://www.trychatter.ai/
Trench,http://trytrench.com
Envelope,https://envelopebudgeting.com/
VectorShift,https://www.vectorshift.ai
SafetyKit,https://www.safetykit.com/
Baserun,https://baserun.ai
Automorphic,https://automorphic.ai/
Glaze,https://www.useglaze.com
Sola,https://www.sola-solutions.com/
Vango AI,https://vango.ai/
Inlet,https://getinlet.ai
Converge,http://www.runconverge.com
Flint,http://flintk12.com/
CambioML,https://www.cambioml.com/
Osium AI,https://osium.ai/
Slicker,https://www.slickerhq.com
Khoj,https://khoj.dev/
VaultPay,https://vaultpay.io
Onnix,https://www.onnix.ai
gleam,https://www.gleamcare.com/
Kobalt Labs,https://www.kobaltlabs.com/
Studdy,https://www.studdy.ai/
Trainy,https://trainy.ai/
MantleBio,https://www.mantlebio.com
Pincites,https://www.pincites.com/
Apoxy,https://apoxy.dev
sizeless,https://www.sizeless.co
Quack AI,https://www.quackai.com/
Continue,https://continue.dev
Letter AI,https://www.letter.ai
Guac,https://www.tryguac.co/
Casehopper,http://www.casehopper.com
Glade,https://www.gladetool.com
LifestyleRx,https://lifestylerx.io/
Empirical Health,https://empirical.health
Fortuna Health,https://fortunahealth.com/
Aglide,https://aglide.com
Respaid,https://www.respaid.com
Vizly,https://getvizly.com
Haven,https://haven.run
Greenlite,https://www.greenlite.ai/
MediSearch,https://medisearch.io
Metalware,https://www.metalware.io/
Upstream,https://www.upstream.do/
Maven Bio,https://mavenbio.io
Egress,https://tryegress.com
Surface Labs,https://withsurface.com
Unhaze,https://unhaze.ai
CandorIQ,https://www.candoriq.com/
refine,https://refine.dev
Sidenote,https://www.sidenote.ai
Epsilla,https://www.epsilla.com/
Camber,https://camber.so/
GovernGPT,https://www.governgpt.ai/
Neum AI,https://neum.ai
Cleancard,https://www.cleancard.bio
Decoda Health,https://decoda.health/
Skyvern,https://www.skyvern.com/
Cardinal Gray,https://www.cardinalgray.com/
Telophase,https://telophase.dev
Anneal,https://anneal.ai/
Transformity,https://transformity.tech/
Repaint,https://repaint.com
Chow Central Inc,https://chowcentral.com
FleetWorks,https://fleetworks.ai
Latentspace,https://latentspace.dev
Health Harbor,https://healthharbor.co/
Briefer,https://briefer.cloud
Shasta Health,https://www.shasta.health
Hegel AI,https://hegel-ai.com
Outset,https://outset.ai/
Serra,https://www.serra.io/
Corgea,https://www.corgea.com/
Terminal,https://www.withterminal.com/
MICSI,https://www.micsi.co/
CraftOS (formerly Martola),http://craftos.io
Arcimus,https://www.arcimus.com/
Docsum,https://www.docsum.ai/
Obento Health,https://www.obentohealth.com
Kite,https://kite.video
Bronco AI,https://www.bronco.ai/
Agentive,https://www.goagentive.com
order.link,https://www.order.link
Parea,https://www.parea.ai
Campfire,https://meetcampfire.com/
Alguna,https://alguna.io
SID,https://www.sid.ai
Capi Money,https://www.capimoney.com
Cerelyze,https://cerelyze.com
Spine AI,https://www.getspine.ai
DSensei,https://www.dsensei.app
Subsets,https://www.subsets.com
Mira,https://www.usemira.ai
Magik,https://www.usemagik.com/
Revamp,https://www.getrevamp.ai
DataShare,http://datashare.co/
Airgoods,https://airgoods.com/
Talc,https://talc.ai
Solve Intelligence,https://www.solveintelligence.com/
askLio,https://www.asklio.ai
Craftwork,https://craftwork.com/
Helios Climate Industries,http://www.heliosclimate.io
Fynt,https://www.fynt.ai/
Every, Inc.,https://every.io/
Contour,https://trycontour.com
atla,https://www.atla-ai.com/
Humanlike,https://humanlike.app/
Cedana,https://cedana.ai
Cascading AI,https://www.cascading.ai/
Zelos Cloud,https://zeloscloud.io
PropRise,https://www.proprise.io/
Pointhound,http://www.pointhound.com
Diligent,https://godiligent.ai
Intelliga Voice,https://www.intelligavoice.com
Sohar Health,https://www.soharhealth.com
Remy Security,https://www.remysec.com/
Sweetspot,https://www.sweetspot.so/
Magic Loops,https://magicloops.dev
Ohmic Biosciences,https://ohmicbiosciences.com/
Stellar Sleep,https://stellarsleep.com/
Infobot,https://infobot.ai
Linc.,https://www.linc-ai.com/
Watto AI,https://www.watto.ai
Dioxus Labs,https://dioxuslabs.com
Hyperbound,https://hyperbound.ai
Deasie,https://www.deasie.com/
Accend,https://www.withaccend.com/
Elyos Energy,https://www.elyosenergy.com
Mano AI,https://www.usemano.com/
Metoro,https://metoro.io
Xeol,https://www.xeol.io/
Twenty,https://twenty.com
Synaptiq,https://synaptiq.co/
Nectar,https://nectarclimate.com
Reworkd AI,https://reworkd.ai
Leafpress,https://www.leafpress.io
Kino AI,https://trykino.com
kapa.ai,https://www.kapa.ai/
Tremor,https://www.tremor.so
PeerDB,https://peerdb.io/
Artie,https://www.artie.so/
HyLight,https://www.hylight.aero/
HockeyStack,https://hockeystack.com
Can of Soup,https://canofsoup.com/
Apollo Group,http://www.apollo-group.io
Vaero,https://vaero.co
Yuma,https://yuma.ai
Pierre,https://heypierre.app
moonrepo,https://moonrepo.dev
Automat,https://www.runautomat.com/
SpecCheck,https://www.speccheckrx.com/
SpeedyBrand,https://speedybrand.io
Finta,https://www.finta.com/
BerriAI,https://github.com/BerriAI/litellm
Cercli,https://www.cercli.com
Theya,https://www.theya.us/
Upfront,https://knowupfront.com
Warp,https://www.joinwarp.com/
Second,https://www.second.dev
Atri Labs,https://atrilabs.com
Vendora,https://www.vendora.io/
Lightski,https://www.lightski.com
Type,https://type.ai
Meru,https://usemeru.com
Persana AI,https://www.persana.ai/
Serial,https://www.serial.io/
Kyber,https://askkyber.com
Escape,https://escape.tech
Keeling Labs,http://keelinglabs.com
Modulari-T,https://modularit.bio
Poll Everywhere,https://www.polleverywhere.com
Koala Ops,https://koalaops.com/
Metal,https://getmetal.io/
Texel.ai,https://texel.ai
Vector,https://vector.co
Pier,http://www.pier-finance.com
AiFlow,https://aiflow.solutions
Finni Health,https://www.finnihealth.com/
Invitris,https://invitris.com/
Adventris Pharmaceuticals,https://adventris.com
highlight.io,https://www.highlight.io/
Untether Labs,https://untetherlabs.com
Luca,https://www.askluca.com/
Edge,https://withedge.com
BidSight,https://bidsight.io/
Fabius,https://fabius.io
Vocode,https://vocode.dev
Wallbit,https://wallbit.io
Vellum,https://www.vellum.ai/
Rex,https://www.rex.fit
Interlock,https://www.tryinterlock.com/
Persist AI,http://www.persist-ai.com
Berry,https://berryapp.io/yc
Conduit,http://helloconduit.com
Codeparrot,https://www.codeparrot.ai/
SuperAPI,https://trysuperapi.com
fern,https://www.buildwithfern.com
Unstatiq,https://www.unstatiq.com/
Resend,https://resend.com
Decohere,https://decohere.ai
Ally,https://ally.day
Constant,https://useconstant.com
Common Paper,https://commonpaper.com/
Dill,https://usedill.com/
DealPage,https://www.dealpage.ai/
Littio,https://www.littio.co/
Thread,https://www.usethread.io
Waza,https://waza.co/
Rivet,https://rivet.gg
Sorted,https://sorted-lp.webflow.io/
DAGWorks Inc.,https://www.dagworks.io/
Swishjam,https://swishjam.com
Invopop,https://www.invopop.com/
Turntable,https://www.turntable.so
Corgi Labs,https://www.corgilabs.ai
Stralis Aircraft,https://stralis.aero/
Keep,https://www.keephq.dev
PlayHT,https://play.ht/
Holacasa,https://www.holacasa.mx/
Epsilon,https://www.epsilon-ai.com
Clad,https://withclad.com/
Pylon,https://www.usepylon.com/
Muffin Data,http://www.muffindata.com
Peeba,http://peeba.com/
Diffuse Bio,http://diffuse.bio
inBuild,https://www.inbuild.ai/
Sanvivo,http://www.sanvivo.eu
clearspace,https://getclearspace.com
Univerbal (formerly Quazel),https://univerbal.app
Milio,http://www.miliopay.com
Mantys,https://www.mantys.io/
Proglix,https://proglix.com/
Coldreach,https://coldreach.ai/
MagnaPlay,https://magnaplay.com
Shekel Mobility,https://www.shekelmobility.com/
iNRI,https://goinri.com
Onu,https://joinonu.com
Sirdab,https://sirdab.co/en
Baselit,https://www.baselit.ai
Clueso,https://clueso.io
Kalam,https://kalam.in
Fastgen,https://fastgen.com
Defer,https://www.defer.run
Arroyo,https://www.arroyo.dev
Vendah,https://vendah.com.br/
Alaan,https://www.alaan.com/
Tailorr,https://www.tailorr.io/
UpTrain AI,https://uptrain.ai/
keyval,https://keyval.dev
nunu.ai,https://nunu.ai
Hona,https://hona.com
Radical,https://www.radicalaero.com/
Vitalize Care,https://vitalizecare.co
Noya Software,https://noya.io
Infinia,https://www.infiniaweb.com/
Koywe,https://koywe.com
Dealwise,https://www.godealwise.com
Honeydew,https://honeydew.ai
Sherloq,http://sherloqdata.io/
SPRX,https://sprx.tax
Shortbread,https://shortbread.ai/
Fluid Markets,http://www.fluidinvesting.com
Fairway Health,https://www.fairwayhealth.co/
Hadrius,https://www.hadrius.com
Technician,https://www.technician.dev
Sage AI,https://sage-ai.dev
Defog.ai,https://defog.ai
Boundary,https://www.boundaryml.com
DailyPe,https://DailyPe.in
FiddleCube,https://fiddlecube.ai/
Fiber,https://fiber.dev
Fintool,https://www.fintool.com/
Intrinsic,https://withintrinsic.com
222,https://222.place
OutSail Technologies,https://www.outsailtech.com/
Ariglad,https://www.ariglad.com/
Berilium,https://berilium.com/
Homeflow,https://www.homeflow.me/
Helicone,https://www.helicone.ai/
Rainmaker,http://www.rainmaker.nyc
IcePanel,https://icepanel.io
Magicflow 𐂂,https://magicflow.ai
Storyboarder,https://storyboarder.com
1stCollab,https://1stcollab.com/